0.000000e+00 2.280000e-14 1.240000e-14 5.550000e-16 1.424338e-25 1.794442e-25 1.826485e-26
4.910000e-02 2.840000e-14 1.570000e-14 6.760000e-16 1.778420e-25 2.243052e-25 2.211008e-26
1.010000e-01 3.540000e-14 1.960000e-14 8.230000e-16 2.227030e-25 2.787793e-25 2.691662e-26
1.550000e-01 4.400000e-14 2.460000e-14 1.000000e-15 2.771771e-25 3.460709e-25 3.252425e-26
2.110000e-01 5.460000e-14 3.070000e-14 1.220000e-15 3.444687e-25 4.277821e-25 3.925341e-26
2.710000e-01 6.740000e-14 3.830000e-14 1.480000e-15 4.261799e-25 5.303216e-25 4.742453e-26
3.330000e-01 8.310000e-14 4.750000e-14 1.800000e-15 5.271172e-25 6.536894e-25 5.719783e-26
3.990000e-01 1.020000e-13 5.870000e-14 2.180000e-15 6.488829e-25 8.042944e-25 6.873352e-26
4.680000e-01 1.250000e-13 7.220000e-14 2.630000e-15 7.946813e-25 9.853407e-25 8.235205e-26
5.400000e-01 1.520000e-13 8.840000e-14 3.170000e-15 9.693189e-25 1.203237e-24 9.853407e-26
6.150000e-01 1.850000e-13 1.080000e-13 3.800000e-15 1.176000e-24 1.459586e-24 1.172796e-25
6.950000e-01 2.230000e-13 1.300000e-13 4.540000e-15 1.417929e-24 1.762398e-24 1.389090e-25
7.780000e-01 2.670000e-13 1.570000e-13 5.380000e-15 1.698311e-24 2.114878e-24 1.634224e-25
8.650000e-01 3.180000e-13 1.870000e-13 6.330000e-15 2.018747e-24 2.515423e-24 1.906594e-25
9.570000e-01 3.760000e-13 2.220000e-13 7.380000e-15 2.387248e-24 2.980055e-24 2.227030e-25
1.050000e+00 4.400000e-13 2.610000e-13 8.520000e-15 2.803815e-24 3.476731e-24 2.547466e-25
1.150000e+00 5.100000e-13 3.020000e-13 9.700000e-15 3.252425e-24 4.021472e-24 2.899946e-25
1.260000e+00 5.850000e-13 3.460000e-13 1.090000e-14 3.717058e-24 4.598257e-24 3.236404e-25
1.370000e+00 6.600000e-13 3.910000e-13 1.190000e-14 4.197712e-24 5.175041e-24 3.540818e-25
1.490000e+00 7.320000e-13 4.340000e-13 1.270000e-14 4.646322e-24 5.719783e-24 3.797167e-25
1.610000e+00 7.990000e-13 4.740000e-13 1.320000e-14 5.078911e-24 6.200437e-24 3.957385e-25
1.740000e+00 8.590000e-13 5.090000e-13 1.340000e-14 5.463434e-24 6.617003e-24 4.053515e-25
1.870000e+00 9.090000e-13 5.380000e-13 1.330000e-14 5.767848e-24 6.921418e-24 4.037494e-25
2.010000e+00 9.440000e-13 5.570000e-13 1.280000e-14 5.992153e-24 7.113679e-24 3.909319e-25
2.160000e+00 9.630000e-13 5.670000e-13 1.190000e-14 6.104306e-24 7.145723e-24 3.668992e-25
2.320000e+00 9.650000e-13 5.660000e-13 1.060000e-14 6.120328e-24 7.017548e-24 3.316513e-25
2.480000e+00 9.500000e-13 5.550000e-13 9.040000e-15 6.008175e-24 6.761200e-24 2.851880e-25
2.650000e+00 9.190000e-13 5.350000e-13 7.220000e-15 5.815913e-24 6.376676e-24 2.323161e-25
2.830000e+00 8.750000e-13 5.080000e-13 5.300000e-15 5.543543e-24 5.896022e-24 1.778420e-25
3.020000e+00 8.220000e-13 4.760000e-13 3.510000e-15 5.207085e-24 5.383325e-24 1.241689e-25
3.210000e+00 7.650000e-13 4.410000e-13 2.080000e-15 4.838584e-24 4.870627e-24 7.962835e-26
3.420000e+00 7.050000e-13 4.060000e-13 1.140000e-15 4.470082e-24 4.389973e-24 4.742453e-26
3.640000e+00 6.470000e-13 3.720000e-13 5.910000e-16 4.117603e-24 3.989428e-24 2.691662e-26
3.870000e+00 5.940000e-13 3.410000e-13 3.020000e-16 3.781145e-24 3.636949e-24 1.482016e-26
4.110000e+00 5.460000e-13 3.140000e-13 1.520000e-16 3.492752e-24 3.348556e-24 8.026922e-27
4.360000e+00 5.040000e-13 2.910000e-13 7.600000e-17 3.236404e-24 3.108229e-24 4.277821e-27
4.620000e+00 4.690000e-13 2.710000e-13 3.750000e-17 3.028120e-24 2.899946e-24 2.259074e-27
4.890000e+00 4.410000e-13 2.530000e-13 1.820000e-17 2.851880e-24 2.723706e-24 1.164785e-27
5.180000e+00 4.120000e-13 2.370000e-13 8.570000e-18 2.675641e-24 2.563488e-24 5.847957e-28
5.490000e+00 3.600000e-13 2.140000e-13 3.230000e-18 2.371226e-24 2.339183e-24 2.499401e-28
5.810000e+00 2.930000e-13 1.840000e-13 1.170000e-18 1.970681e-24 2.082834e-24 9.997603e-29
6.140000e+00 2.300000e-13 1.540000e-13 4.420000e-19 1.584556e-24 1.794442e-24 4.309864e-29
6.490000e+00 1.750000e-13 1.250000e-13 1.730000e-19 1.235281e-24 1.525275e-24 2.050790e-29
6.860000e+00 1.290000e-13 9.920000e-14 7.010000e-20 9.340709e-25 1.254507e-24 1.079869e-29
7.250000e+00 9.280000e-14 7.610000e-14 2.920000e-20 6.889374e-25 1.001362e-24 6.216458e-30
7.650000e+00 6.550000e-14 5.680000e-14 1.250000e-20 4.966758e-25 7.738529e-25 3.845232e-30
8.070000e+00 4.560000e-14 4.140000e-14 5.670000e-21 3.508774e-25 5.815913e-25 2.483379e-30
8.520000e+00 3.120000e-14 2.960000e-14 2.740000e-21 2.451335e-25 4.261799e-25 1.650245e-30
8.990000e+00 2.120000e-14 2.070000e-14 1.440000e-21 1.682289e-25 3.060164e-25 1.118322e-30
9.480000e+00 1.430000e-14 1.440000e-14 8.190000e-22 1.142354e-25 2.146921e-25 7.626377e-31
9.990000e+00 9.590000e-15 9.820000e-15 4.990000e-22 7.706486e-26 1.485221e-25 5.223107e-31
1.050000e+01 6.400000e-15 6.670000e-15 3.250000e-22 5.175041e-26 1.018986e-25 3.588883e-31
1.110000e+01 4.270000e-15 4.530000e-15 2.120000e-22 3.476731e-26 6.969483e-26 2.451335e-31
1.170000e+01 2.920000e-15 3.240000e-15 1.430000e-22 2.419292e-26 5.030845e-26 1.698311e-31
1.230000e+01 1.730000e-15 2.020000e-15 9.840000e-23 1.465995e-26 3.172316e-26 1.204839e-31
1.300000e+01 1.020000e-15 1.230000e-15 6.810000e-23 8.747903e-27 1.954660e-26 8.507576e-32
1.370000e+01 5.920000e-16 7.460000e-16 4.730000e-23 5.175041e-27 1.200033e-26 5.976131e-32
1.440000e+01 3.410000e-16 4.460000e-16 3.300000e-23 3.028120e-27 7.289919e-27 4.117603e-32
1.510000e+01 1.940000e-16 2.620000e-16 1.920000e-23 1.762398e-27 4.325886e-27 2.467357e-32
